{
 "cells": [
  {
   "cell_type": "code",
   "execution_count": 7,
   "metadata": {
    "collapsed": true
   },
   "outputs": [],
   "source": [
    "% matplotlib inline\n",
    "\n",
    "from __future__ import division\n",
    "import numpy as np\n",
    "import pandas as pd\n",
    "import math\n",
    "import matplotlib.pyplot as plt\n",
    "from statsmodels.tsa.stattools import acf, ccf\n",
    "from statsmodels.tsa.tsatools import detrend\n",
    "from scipy.spatial.distance import pdist, squareform\n",
    "import scipy.signal as signal\n",
    "import time as tm\n",
    "import gsw as sw\n",
    "from scipy.optimize import curve_fit\n",
    "from scipy.stats import chi2\n",
    "\n",
    "from mpl_toolkits.basemap import Basemap, cm\n",
    "from netCDF4 import Dataset as NetCDFFile"
   ]
  },
  {
   "cell_type": "code",
   "execution_count": 8,
   "metadata": {
    "collapsed": true
   },
   "outputs": [],
   "source": [
    "def convert_KM(sds):\n",
    "    lon_tmp = sds[(sds['cruise']=='KiloMoana_1')]['lon']\n",
    "    lon_tmp = lon_tmp//100 + (lon_tmp - lon_tmp//100*100)/60\n",
    "    lat_tmp = sds[(sds['cruise']=='KiloMoana_1')]['lat']\n",
    "    lat_tmp = lat_tmp//100 + (lat_tmp - lat_tmp//100*100)/60\n",
    "    \n",
    "    sds.loc[sds['cruise']=='KiloMoana_1','lon'] = -lon_tmp\n",
    "    sds.loc[sds['cruise']=='KiloMoana_1','lat'] = lat_tmp\n",
    "    \n",
    "    lon_tmp2 = sds[(sds['cruise']=='SCOPE_2')]['lon']\n",
    "    lon_tmp2 = lon_tmp2//100 + (lon_tmp2 - lon_tmp2//100*100)/60\n",
    "    lat_tmp2 = sds[(sds['cruise']=='SCOPE_2')]['lat']\n",
    "    lat_tmp2 = lat_tmp2//100 + (lat_tmp2 - lat_tmp2//100*100)/60\n",
    "    \n",
    "    sds.loc[sds['cruise']=='SCOPE_2','lon'] = -lon_tmp2\n",
    "    sds.loc[sds['cruise']=='SCOPE_2','lat'] = lat_tmp2\n",
    "    \n",
    "    return sds\n",
    "\n",
    "def checklon(data):\n",
    "    cxx = (data['lon']).values # longitude\n",
    "\n",
    "    # convert all longitude to longitude east\n",
    "    cxx[cxx<0]= 360+cxx[cxx<0];\n",
    "    data['lon_e'] = cxx\n",
    "    cxbew = cxx\n",
    "    cxbew[cxbew>180] = cxbew[cxbew>180]-360   \n",
    "    data['lon'] = cxbew\n",
    "    return data\n",
    "\n",
    "def distance(data):\n",
    "    cruise = pd.unique(data['cruise'])\n",
    "    distances = pd.DataFrame()    \n",
    "    for c in cruise:\n",
    "        temp = pd.DataFrame()\n",
    "        temp = data.loc[(data['cruise']==c), ['cruise','file_time','lon','lat']]\n",
    "        \n",
    "        # calculate distance in km between points\n",
    "        temp['dx'] = np.insert(sw.distance(temp['lon'].values, temp['lat'].values, 0),0,0)/1000\n",
    "        temp['x'] = np.cumsum(temp['dx'])\n",
    "        \n",
    "        if c == cruise[0]:\n",
    "            distances = distances.append(temp)\n",
    "        else:\n",
    "            distances = pd.concat([distances, temp], axis=0)\n",
    "        del temp\n",
    "    data = pd.merge(left = data, right = distances, how='left', left_on=['cruise','file_time','lat','lon'], right_on=['cruise','file_time','lat','lon'])\n",
    "    #return distances\n",
    "\n",
    "    return data  \n",
    "\n",
    "def tracks(data):\n",
    "    seg = []\n",
    "    start = 0\n",
    "    n = 1\n",
    "    for i in range(len(data)):\n",
    "        if ((data['dx'][i] > 20) | (data['dx'][i] < 0.01)):\n",
    "            seg.append([data['cruise'][i], start, i-1, sum(data['dx'][start:i-1])])# - data['x'][start])])\n",
    "                                                         \n",
    "            n += 1\n",
    "            start = i+1\n",
    "    \n",
    "    segments = pd.DataFrame(seg, columns = ['cruise', 'start', 'end', 'length']) \n",
    "    segments = segments.loc[(segments['length'] >= 200)]\n",
    "    segments = segments.loc[(segments['end'] > 0)]\n",
    "    segments['number'] = range(1, len(segments)+1)\n",
    "    segments = segments.set_index(['number'])\n",
    "    return segments\n",
    "\n",
    "\n",
    "def interpdata(track, aa, bb, var):\n",
    "    # we went to create a new dataframe which has the interpolated data for each track for all variables, \n",
    "    # and a position.\n",
    "    intdata = pd.DataFrame()\n",
    "    # set the interpolation distance \n",
    "    n = 1 # 1km \n",
    "    begin = np.floor(track['x'][:1])\n",
    "    intdata['x'] = np.arange(aa, bb, n)\n",
    " \n",
    "    for v in var:\n",
    "        intdata[v] = np.interp(intdata['x'].values,track['x'].values,track[v].values)\n",
    "          \n",
    "    return intdata\n"
   ]
  },
  {
   "cell_type": "code",
   "execution_count": 9,
   "metadata": {
    "collapsed": false
   },
   "outputs": [
    {
     "name": "stdout",
     "output_type": "stream",
     "text": [
      "Index([u'Unnamed: 0', u'cruise', u'file_time', u'opp_evt_ratio', u'flow_rate',\n",
      "       u'beads', u'picoeuk', u'prochloro', u'synecho', u'unknown', u'cocco',\n",
      "       u'ts', u'file_duration', u'pico', u'Unnamed: 0.1', u'tot_chl',\n",
      "       u'file_time_r', u'Unnamed: 0.1', u'file_duration_r', u'lat', u'lon',\n",
      "       u'conductivity', u'salinity', u'ocean_tmp', u'par', u'bulk_red',\n",
      "       u'stream_pressure', u'flow_rate_r', u'event_rate', u'avg_chl',\n",
      "       u'avg_pe', u'avg_fsc', u'density', u'lon_e', u'dx', u'x', u'sds_time',\n",
      "       u'file_time_r.1', u'opp.evt'],\n",
      "      dtype='object')\n"
     ]
    }
   ],
   "source": [
    "# import data\n",
    "filePath = '/Users/archie/Google Drive/seaflow_data/KM1_abun_sds_opp.csv'\n",
    "data = pd.read_csv(filePath, sep=',')\n",
    "print data.columns\n",
    "\n",
    "filePath = r'/Users/archie/Google Drive/seaflow_data/sds_depth.csv'\n",
    "depth = pd.read_csv(filePath)\n",
    "\n",
    "filePath = r'/Users/archie/Google Drive/seaflow_data/sds_dist2coast.csv'\n",
    "dcoast = pd.read_csv(filePath)\n",
    "\n",
    "filePath = '/Users/archie/Google Drive/seaflow_data/KM1_chl.csv'\n",
    "chl = pd.read_csv(filePath, sep=',')"
   ]
  },
  {
   "cell_type": "code",
   "execution_count": 10,
   "metadata": {
    "collapsed": false
   },
   "outputs": [
    {
     "name": "stderr",
     "output_type": "stream",
     "text": [
      "/Users/archie/anaconda/lib/python2.7/site-packages/IPython/kernel/__main__.py:19: SettingWithCopyWarning: \n",
      "A value is trying to be set on a copy of a slice from a DataFrame.\n",
      "Try using .loc[row_indexer,col_indexer] = value instead\n",
      "\n",
      "See the caveats in the documentation: http://pandas.pydata.org/pandas-docs/stable/indexing.html#indexing-view-versus-copy\n"
     ]
    }
   ],
   "source": [
    "# add density \n",
    "data['density'] = sw.rho(data['salinity'].values,data['ocean_tmp'].values,0)\n",
    "data = checklon(data)\n",
    "\n",
    "# only keep KM1304 data\n",
    "data = data[(data['cruise']=='KiloMoana_1')]\n",
    "               \n",
    "# sort the dataframe so that it is in date/time order\n",
    "data = pd.merge(data, depth, on=['cruise','file_time'], how='inner')\n",
    "data = pd.merge(data, dcoast, on=['cruise','file_time'], how='inner')\n",
    "data = pd.merge(data, chl, on=['cruise','file_time'], how='inner')\n",
    "data = data.sort_values(by = ['cruise', 'file_time'],ascending=[1, 1])\n",
    "data = data.reset_index(drop=True)\n",
    "\n",
    "# now we have a dataframe with the total alongtrack distance for each cruise, \n",
    "# and the distance between points for each file.\n",
    "\n",
    "clean = data[['cruise', 'file_time', 'lon', 'lon_e', 'lat', 'depth', 'dcoast', 'salinity', 'ocean_tmp', 'density', 'pico', 'synecho', 'picoeuk', 'chl']]\n",
    "clean['tot_chl'] = data['tot_chl']#/(data['file_duration']*data['opp.evt']*data['flow_rate'])\n",
    "clean = clean.sort_values(by = ['cruise', 'file_time'],ascending=[1, 1])\n",
    "clean = distance(clean)\n"
   ]
  },
  {
   "cell_type": "code",
   "execution_count": 11,
   "metadata": {
    "collapsed": false
   },
   "outputs": [
    {
     "data": {
      "text/html": [
       "<div>\n",
       "<table border=\"1\" class=\"dataframe\">\n",
       "  <thead>\n",
       "    <tr style=\"text-align: right;\">\n",
       "      <th></th>\n",
       "      <th>lon</th>\n",
       "      <th>lon_e</th>\n",
       "      <th>lat</th>\n",
       "      <th>depth</th>\n",
       "      <th>dcoast</th>\n",
       "      <th>salinity</th>\n",
       "      <th>ocean_tmp</th>\n",
       "      <th>density</th>\n",
       "      <th>pico</th>\n",
       "      <th>synecho</th>\n",
       "      <th>picoeuk</th>\n",
       "      <th>chl</th>\n",
       "      <th>tot_chl</th>\n",
       "      <th>dx</th>\n",
       "      <th>x</th>\n",
       "    </tr>\n",
       "  </thead>\n",
       "  <tbody>\n",
       "    <tr>\n",
       "      <th>lon</th>\n",
       "      <td>1.000000</td>\n",
       "      <td>1.000000</td>\n",
       "      <td>0.751694</td>\n",
       "      <td>0.842161</td>\n",
       "      <td>-0.564667</td>\n",
       "      <td>-0.792679</td>\n",
       "      <td>-0.759462</td>\n",
       "      <td>0.317966</td>\n",
       "      <td>-0.488513</td>\n",
       "      <td>0.536684</td>\n",
       "      <td>0.170639</td>\n",
       "      <td>0.527697</td>\n",
       "      <td>0.032492</td>\n",
       "      <td>-0.065404</td>\n",
       "      <td>-0.926388</td>\n",
       "    </tr>\n",
       "    <tr>\n",
       "      <th>lon_e</th>\n",
       "      <td>1.000000</td>\n",
       "      <td>1.000000</td>\n",
       "      <td>0.751694</td>\n",
       "      <td>0.842161</td>\n",
       "      <td>-0.564667</td>\n",
       "      <td>-0.792679</td>\n",
       "      <td>-0.759462</td>\n",
       "      <td>0.317966</td>\n",
       "      <td>-0.488513</td>\n",
       "      <td>0.536684</td>\n",
       "      <td>0.170639</td>\n",
       "      <td>0.527697</td>\n",
       "      <td>0.032492</td>\n",
       "      <td>-0.065404</td>\n",
       "      <td>-0.926388</td>\n",
       "    </tr>\n",
       "    <tr>\n",
       "      <th>lat</th>\n",
       "      <td>0.751694</td>\n",
       "      <td>0.751694</td>\n",
       "      <td>1.000000</td>\n",
       "      <td>0.537517</td>\n",
       "      <td>-0.192628</td>\n",
       "      <td>-0.942439</td>\n",
       "      <td>-0.963168</td>\n",
       "      <td>0.669741</td>\n",
       "      <td>-0.798800</td>\n",
       "      <td>0.451297</td>\n",
       "      <td>0.615968</td>\n",
       "      <td>0.293611</td>\n",
       "      <td>-0.185894</td>\n",
       "      <td>-0.042456</td>\n",
       "      <td>-0.944212</td>\n",
       "    </tr>\n",
       "    <tr>\n",
       "      <th>depth</th>\n",
       "      <td>0.842161</td>\n",
       "      <td>0.842161</td>\n",
       "      <td>0.537517</td>\n",
       "      <td>1.000000</td>\n",
       "      <td>-0.744561</td>\n",
       "      <td>-0.691840</td>\n",
       "      <td>-0.668196</td>\n",
       "      <td>0.221794</td>\n",
       "      <td>-0.293634</td>\n",
       "      <td>0.396922</td>\n",
       "      <td>0.074368</td>\n",
       "      <td>0.725001</td>\n",
       "      <td>-0.039488</td>\n",
       "      <td>-0.047895</td>\n",
       "      <td>-0.732526</td>\n",
       "    </tr>\n",
       "    <tr>\n",
       "      <th>dcoast</th>\n",
       "      <td>-0.564667</td>\n",
       "      <td>-0.564667</td>\n",
       "      <td>-0.192628</td>\n",
       "      <td>-0.744561</td>\n",
       "      <td>1.000000</td>\n",
       "      <td>0.250082</td>\n",
       "      <td>0.324910</td>\n",
       "      <td>-0.277072</td>\n",
       "      <td>0.283556</td>\n",
       "      <td>-0.321973</td>\n",
       "      <td>-0.117261</td>\n",
       "      <td>-0.386722</td>\n",
       "      <td>-0.236237</td>\n",
       "      <td>0.025294</td>\n",
       "      <td>0.400672</td>\n",
       "    </tr>\n",
       "    <tr>\n",
       "      <th>salinity</th>\n",
       "      <td>-0.792679</td>\n",
       "      <td>-0.792679</td>\n",
       "      <td>-0.942439</td>\n",
       "      <td>-0.691840</td>\n",
       "      <td>0.250082</td>\n",
       "      <td>1.000000</td>\n",
       "      <td>0.963630</td>\n",
       "      <td>-0.479169</td>\n",
       "      <td>0.654562</td>\n",
       "      <td>-0.452701</td>\n",
       "      <td>-0.452788</td>\n",
       "      <td>-0.498027</td>\n",
       "      <td>0.234177</td>\n",
       "      <td>0.050486</td>\n",
       "      <td>0.933737</td>\n",
       "    </tr>\n",
       "    <tr>\n",
       "      <th>ocean_tmp</th>\n",
       "      <td>-0.759462</td>\n",
       "      <td>-0.759462</td>\n",
       "      <td>-0.963168</td>\n",
       "      <td>-0.668196</td>\n",
       "      <td>0.324910</td>\n",
       "      <td>0.963630</td>\n",
       "      <td>1.000000</td>\n",
       "      <td>-0.689563</td>\n",
       "      <td>0.748681</td>\n",
       "      <td>-0.430365</td>\n",
       "      <td>-0.599616</td>\n",
       "      <td>-0.468956</td>\n",
       "      <td>0.268686</td>\n",
       "      <td>0.039679</td>\n",
       "      <td>0.931344</td>\n",
       "    </tr>\n",
       "    <tr>\n",
       "      <th>density</th>\n",
       "      <td>0.317966</td>\n",
       "      <td>0.317966</td>\n",
       "      <td>0.669741</td>\n",
       "      <td>0.221794</td>\n",
       "      <td>-0.277072</td>\n",
       "      <td>-0.479169</td>\n",
       "      <td>-0.689563</td>\n",
       "      <td>1.000000</td>\n",
       "      <td>-0.776444</td>\n",
       "      <td>0.230273</td>\n",
       "      <td>0.794053</td>\n",
       "      <td>0.045509</td>\n",
       "      <td>-0.214087</td>\n",
       "      <td>0.008027</td>\n",
       "      <td>-0.546516</td>\n",
       "    </tr>\n",
       "    <tr>\n",
       "      <th>pico</th>\n",
       "      <td>-0.488513</td>\n",
       "      <td>-0.488513</td>\n",
       "      <td>-0.798800</td>\n",
       "      <td>-0.293634</td>\n",
       "      <td>0.283556</td>\n",
       "      <td>0.654562</td>\n",
       "      <td>0.748681</td>\n",
       "      <td>-0.776444</td>\n",
       "      <td>1.000000</td>\n",
       "      <td>-0.527416</td>\n",
       "      <td>-0.698366</td>\n",
       "      <td>0.092818</td>\n",
       "      <td>0.014969</td>\n",
       "      <td>0.000586</td>\n",
       "      <td>0.700088</td>\n",
       "    </tr>\n",
       "    <tr>\n",
       "      <th>synecho</th>\n",
       "      <td>0.536684</td>\n",
       "      <td>0.536684</td>\n",
       "      <td>0.451297</td>\n",
       "      <td>0.396922</td>\n",
       "      <td>-0.321973</td>\n",
       "      <td>-0.452701</td>\n",
       "      <td>-0.430365</td>\n",
       "      <td>0.230273</td>\n",
       "      <td>-0.527416</td>\n",
       "      <td>1.000000</td>\n",
       "      <td>0.120492</td>\n",
       "      <td>-0.000599</td>\n",
       "      <td>0.358169</td>\n",
       "      <td>-0.057033</td>\n",
       "      <td>-0.525376</td>\n",
       "    </tr>\n",
       "    <tr>\n",
       "      <th>picoeuk</th>\n",
       "      <td>0.170639</td>\n",
       "      <td>0.170639</td>\n",
       "      <td>0.615968</td>\n",
       "      <td>0.074368</td>\n",
       "      <td>-0.117261</td>\n",
       "      <td>-0.452788</td>\n",
       "      <td>-0.599616</td>\n",
       "      <td>0.794053</td>\n",
       "      <td>-0.698366</td>\n",
       "      <td>0.120492</td>\n",
       "      <td>1.000000</td>\n",
       "      <td>-0.048217</td>\n",
       "      <td>-0.132656</td>\n",
       "      <td>-0.005304</td>\n",
       "      <td>-0.439512</td>\n",
       "    </tr>\n",
       "    <tr>\n",
       "      <th>chl</th>\n",
       "      <td>0.527697</td>\n",
       "      <td>0.527697</td>\n",
       "      <td>0.293611</td>\n",
       "      <td>0.725001</td>\n",
       "      <td>-0.386722</td>\n",
       "      <td>-0.498027</td>\n",
       "      <td>-0.468956</td>\n",
       "      <td>0.045509</td>\n",
       "      <td>0.092818</td>\n",
       "      <td>-0.000599</td>\n",
       "      <td>-0.048217</td>\n",
       "      <td>1.000000</td>\n",
       "      <td>-0.421594</td>\n",
       "      <td>-0.028066</td>\n",
       "      <td>-0.438724</td>\n",
       "    </tr>\n",
       "    <tr>\n",
       "      <th>tot_chl</th>\n",
       "      <td>0.032492</td>\n",
       "      <td>0.032492</td>\n",
       "      <td>-0.185894</td>\n",
       "      <td>-0.039488</td>\n",
       "      <td>-0.236237</td>\n",
       "      <td>0.234177</td>\n",
       "      <td>0.268686</td>\n",
       "      <td>-0.214087</td>\n",
       "      <td>0.014969</td>\n",
       "      <td>0.358169</td>\n",
       "      <td>-0.132656</td>\n",
       "      <td>-0.421594</td>\n",
       "      <td>1.000000</td>\n",
       "      <td>-0.032402</td>\n",
       "      <td>0.092353</td>\n",
       "    </tr>\n",
       "    <tr>\n",
       "      <th>dx</th>\n",
       "      <td>-0.065404</td>\n",
       "      <td>-0.065404</td>\n",
       "      <td>-0.042456</td>\n",
       "      <td>-0.047895</td>\n",
       "      <td>0.025294</td>\n",
       "      <td>0.050486</td>\n",
       "      <td>0.039679</td>\n",
       "      <td>0.008027</td>\n",
       "      <td>0.000586</td>\n",
       "      <td>-0.057033</td>\n",
       "      <td>-0.005304</td>\n",
       "      <td>-0.028066</td>\n",
       "      <td>-0.032402</td>\n",
       "      <td>1.000000</td>\n",
       "      <td>0.056340</td>\n",
       "    </tr>\n",
       "    <tr>\n",
       "      <th>x</th>\n",
       "      <td>-0.926388</td>\n",
       "      <td>-0.926388</td>\n",
       "      <td>-0.944212</td>\n",
       "      <td>-0.732526</td>\n",
       "      <td>0.400672</td>\n",
       "      <td>0.933737</td>\n",
       "      <td>0.931344</td>\n",
       "      <td>-0.546516</td>\n",
       "      <td>0.700088</td>\n",
       "      <td>-0.525376</td>\n",
       "      <td>-0.439512</td>\n",
       "      <td>-0.438724</td>\n",
       "      <td>0.092353</td>\n",
       "      <td>0.056340</td>\n",
       "      <td>1.000000</td>\n",
       "    </tr>\n",
       "  </tbody>\n",
       "</table>\n",
       "</div>"
      ],
      "text/plain": [
       "                lon     lon_e       lat     depth    dcoast  salinity  \\\n",
       "lon        1.000000  1.000000  0.751694  0.842161 -0.564667 -0.792679   \n",
       "lon_e      1.000000  1.000000  0.751694  0.842161 -0.564667 -0.792679   \n",
       "lat        0.751694  0.751694  1.000000  0.537517 -0.192628 -0.942439   \n",
       "depth      0.842161  0.842161  0.537517  1.000000 -0.744561 -0.691840   \n",
       "dcoast    -0.564667 -0.564667 -0.192628 -0.744561  1.000000  0.250082   \n",
       "salinity  -0.792679 -0.792679 -0.942439 -0.691840  0.250082  1.000000   \n",
       "ocean_tmp -0.759462 -0.759462 -0.963168 -0.668196  0.324910  0.963630   \n",
       "density    0.317966  0.317966  0.669741  0.221794 -0.277072 -0.479169   \n",
       "pico      -0.488513 -0.488513 -0.798800 -0.293634  0.283556  0.654562   \n",
       "synecho    0.536684  0.536684  0.451297  0.396922 -0.321973 -0.452701   \n",
       "picoeuk    0.170639  0.170639  0.615968  0.074368 -0.117261 -0.452788   \n",
       "chl        0.527697  0.527697  0.293611  0.725001 -0.386722 -0.498027   \n",
       "tot_chl    0.032492  0.032492 -0.185894 -0.039488 -0.236237  0.234177   \n",
       "dx        -0.065404 -0.065404 -0.042456 -0.047895  0.025294  0.050486   \n",
       "x         -0.926388 -0.926388 -0.944212 -0.732526  0.400672  0.933737   \n",
       "\n",
       "           ocean_tmp   density      pico   synecho   picoeuk       chl  \\\n",
       "lon        -0.759462  0.317966 -0.488513  0.536684  0.170639  0.527697   \n",
       "lon_e      -0.759462  0.317966 -0.488513  0.536684  0.170639  0.527697   \n",
       "lat        -0.963168  0.669741 -0.798800  0.451297  0.615968  0.293611   \n",
       "depth      -0.668196  0.221794 -0.293634  0.396922  0.074368  0.725001   \n",
       "dcoast      0.324910 -0.277072  0.283556 -0.321973 -0.117261 -0.386722   \n",
       "salinity    0.963630 -0.479169  0.654562 -0.452701 -0.452788 -0.498027   \n",
       "ocean_tmp   1.000000 -0.689563  0.748681 -0.430365 -0.599616 -0.468956   \n",
       "density    -0.689563  1.000000 -0.776444  0.230273  0.794053  0.045509   \n",
       "pico        0.748681 -0.776444  1.000000 -0.527416 -0.698366  0.092818   \n",
       "synecho    -0.430365  0.230273 -0.527416  1.000000  0.120492 -0.000599   \n",
       "picoeuk    -0.599616  0.794053 -0.698366  0.120492  1.000000 -0.048217   \n",
       "chl        -0.468956  0.045509  0.092818 -0.000599 -0.048217  1.000000   \n",
       "tot_chl     0.268686 -0.214087  0.014969  0.358169 -0.132656 -0.421594   \n",
       "dx          0.039679  0.008027  0.000586 -0.057033 -0.005304 -0.028066   \n",
       "x           0.931344 -0.546516  0.700088 -0.525376 -0.439512 -0.438724   \n",
       "\n",
       "            tot_chl        dx         x  \n",
       "lon        0.032492 -0.065404 -0.926388  \n",
       "lon_e      0.032492 -0.065404 -0.926388  \n",
       "lat       -0.185894 -0.042456 -0.944212  \n",
       "depth     -0.039488 -0.047895 -0.732526  \n",
       "dcoast    -0.236237  0.025294  0.400672  \n",
       "salinity   0.234177  0.050486  0.933737  \n",
       "ocean_tmp  0.268686  0.039679  0.931344  \n",
       "density   -0.214087  0.008027 -0.546516  \n",
       "pico       0.014969  0.000586  0.700088  \n",
       "synecho    0.358169 -0.057033 -0.525376  \n",
       "picoeuk   -0.132656 -0.005304 -0.439512  \n",
       "chl       -0.421594 -0.028066 -0.438724  \n",
       "tot_chl    1.000000 -0.032402  0.092353  \n",
       "dx        -0.032402  1.000000  0.056340  \n",
       "x          0.092353  0.056340  1.000000  "
      ]
     },
     "execution_count": 11,
     "metadata": {},
     "output_type": "execute_result"
    }
   ],
   "source": [
    "# look for correlations between variables over the entire cruise track\n",
    "clean.corr()\n",
    "\n"
   ]
  },
  {
   "cell_type": "code",
   "execution_count": 19,
   "metadata": {
    "collapsed": false
   },
   "outputs": [
    {
     "name": "stdout",
     "output_type": "stream",
     "text": [
      "segment 1\n",
      "            density  ocean_tmp  salinity   synecho  pico   picoeuk       chl\n",
      "density    1.000000  -0.602600  0.958690 -0.810807   NaN  0.539534 -0.123513\n",
      "ocean_tmp -0.602600   1.000000 -0.350701  0.213386   NaN -0.018100 -0.062321\n",
      "salinity   0.958690  -0.350701  1.000000 -0.875508   NaN  0.626676 -0.167270\n",
      "synecho   -0.810807   0.213386 -0.875508  1.000000   NaN -0.487898  0.239488\n",
      "pico            NaN        NaN       NaN       NaN   NaN       NaN       NaN\n",
      "picoeuk    0.539534  -0.018100  0.626676 -0.487898   NaN  1.000000  0.054815\n",
      "chl       -0.123513  -0.062321 -0.167270  0.239488   NaN  0.054815  1.000000\n",
      "[[ 0.     0.     0.     0.       nan  0.     0.047]\n",
      " [ 0.     0.     0.     0.001    nan  0.771  0.317]\n",
      " [ 0.     0.     0.     0.       nan  0.     0.007]\n",
      " [ 0.     0.001  0.     0.       nan  0.     0.   ]\n",
      " [   nan    nan    nan    nan    nan    nan    nan]\n",
      " [ 0.     0.771  0.     0.       nan  0.     0.379]\n",
      " [ 0.047  0.317  0.007  0.     0.     0.379  0.   ]]\n",
      "segment 2\n",
      "            density  ocean_tmp  salinity   synecho  pico   picoeuk       chl\n",
      "density    1.000000  -0.952595  0.689890  0.402419   NaN  0.829666  0.057984\n",
      "ocean_tmp -0.952595   1.000000 -0.436960 -0.547107   NaN -0.762696 -0.184287\n",
      "salinity   0.689890  -0.436960  1.000000 -0.109025   NaN  0.638967 -0.264260\n",
      "synecho    0.402419  -0.547107 -0.109025  1.000000   NaN  0.317854  0.306079\n",
      "pico            NaN        NaN       NaN       NaN   NaN       NaN       NaN\n",
      "picoeuk    0.829666  -0.762696  0.638967  0.317854   NaN  1.000000  0.077717\n",
      "chl        0.057984  -0.184287 -0.264260  0.306079   NaN  0.077717  1.000000\n",
      "[[ 0.     0.     0.     0.     0.     0.     0.376]\n",
      " [ 0.     0.     0.     0.     0.     0.     0.005]\n",
      " [ 0.     0.     0.     0.095  0.     0.     0.   ]\n",
      " [ 0.     0.     0.095  0.     0.     0.     0.   ]\n",
      " [   nan    nan    nan    nan    nan    nan    nan]\n",
      " [ 0.     0.     0.     0.       nan  0.     0.235]\n",
      " [ 0.376  0.005  0.     0.     1.     0.235  0.   ]]\n",
      "segment 3\n",
      "            density  ocean_tmp  salinity   synecho  pico   picoeuk       chl\n",
      "density    1.000000  -0.948742 -0.225466  0.338232   NaN  0.215774  0.298687\n",
      "ocean_tmp -0.948742   1.000000  0.521705 -0.394817   NaN -0.386713 -0.302674\n",
      "salinity  -0.225466   0.521705  1.000000 -0.306733   NaN -0.604018 -0.138773\n",
      "synecho    0.338232  -0.394817 -0.306733  1.000000   NaN  0.654129 -0.317367\n",
      "pico            NaN        NaN       NaN       NaN   NaN       NaN       NaN\n",
      "picoeuk    0.215774  -0.386713 -0.604018  0.654129   NaN  1.000000 -0.440249\n",
      "chl        0.298687  -0.302674 -0.138773 -0.317367   NaN -0.440249  1.000000\n",
      "[[ 0.     0.     0.     0.       nan  0.     0.   ]\n",
      " [ 0.     0.     0.     0.       nan  0.     0.   ]\n",
      " [ 0.     0.     0.     0.     1.     0.     0.025]\n",
      " [ 0.     0.     0.     0.     0.     0.     0.   ]\n",
      " [   nan    nan    nan    nan    nan    nan    nan]\n",
      " [ 0.     0.     0.     0.       nan  0.     0.   ]\n",
      " [ 0.     0.     0.025  0.       nan  0.     0.   ]]\n",
      "segment 4\n",
      "            density  ocean_tmp  salinity   synecho  pico   picoeuk       chl\n",
      "density    1.000000  -0.964694  0.644072 -0.422751   NaN  0.554587  0.629863\n",
      "ocean_tmp -0.964694   1.000000 -0.419907  0.428080   NaN -0.622524 -0.634993\n",
      "salinity   0.644072  -0.419907  1.000000 -0.214430   NaN  0.111499  0.322193\n",
      "synecho   -0.422751   0.428080 -0.214430  1.000000   NaN -0.495557 -0.499375\n",
      "pico            NaN        NaN       NaN       NaN   NaN       NaN       NaN\n",
      "picoeuk    0.554587  -0.622524  0.111499 -0.495557   NaN  1.000000  0.326814\n",
      "chl        0.629863  -0.634993  0.322193 -0.499375   NaN  0.326814  1.000000\n",
      "[[ 0.     0.     0.     0.     1.     0.     0.   ]\n",
      " [ 0.     0.     0.     0.     1.     0.     0.   ]\n",
      " [ 0.     0.     0.     0.     1.     0.054  0.   ]\n",
      " [ 0.     0.     0.     0.     1.     0.     0.   ]\n",
      " [   nan    nan    nan    nan    nan    nan    nan]\n",
      " [ 0.     0.     0.054  0.     1.     0.     0.   ]\n",
      " [ 0.     0.     0.     0.       nan  0.     0.   ]]\n",
      "segment 5\n",
      "            density  ocean_tmp  salinity   synecho  pico   picoeuk       chl\n",
      "density    1.000000  -0.996383 -0.242089  0.280102   NaN  0.615731  0.776458\n",
      "ocean_tmp -0.996383   1.000000  0.322291 -0.247553   NaN -0.666708 -0.792269\n",
      "salinity  -0.242089   0.322291  1.000000  0.186802   NaN -0.757088 -0.454761\n",
      "synecho    0.280102  -0.247553  0.186802  1.000000   NaN -0.211395  0.165084\n",
      "pico            NaN        NaN       NaN       NaN   NaN       NaN       NaN\n",
      "picoeuk    0.615731  -0.666708 -0.757088 -0.211395   NaN  1.000000  0.784745\n",
      "chl        0.776458  -0.792269 -0.454761  0.165084   NaN  0.784745  1.000000\n",
      "[[ 0.     0.     0.     0.       nan  0.     0.   ]\n",
      " [ 0.     0.     0.     0.       nan  0.     0.   ]\n",
      " [ 0.     0.     0.     0.001    nan  0.     0.   ]\n",
      " [ 0.     0.     0.001  0.       nan  0.     0.003]\n",
      " [   nan    nan    nan    nan    nan    nan    nan]\n",
      " [ 0.     0.     0.     0.       nan  0.     0.   ]\n",
      " [ 0.     0.     0.     0.003    nan  0.     0.   ]]\n",
      "segment 6\n",
      "            density  ocean_tmp  salinity   synecho      pico   picoeuk  \\\n",
      "density    1.000000  -0.887759 -0.023258  0.540236 -0.042343  0.066035   \n",
      "ocean_tmp -0.887759   1.000000  0.480799 -0.428584 -0.134620  0.135464   \n",
      "salinity  -0.023258   0.480799  1.000000  0.093388 -0.377002  0.429304   \n",
      "synecho    0.540236  -0.428584  0.093388  1.000000 -0.351941 -0.226245   \n",
      "pico      -0.042343  -0.134620 -0.377002 -0.351941  1.000000 -0.516072   \n",
      "picoeuk    0.066035   0.135464  0.429304 -0.226245 -0.516072  1.000000   \n",
      "chl        0.870476  -0.869448 -0.225977  0.333944 -0.142004  0.278534   \n",
      "\n",
      "                chl  \n",
      "density    0.870476  \n",
      "ocean_tmp -0.869448  \n",
      "salinity  -0.225977  \n",
      "synecho    0.333944  \n",
      "pico      -0.142004  \n",
      "picoeuk    0.278534  \n",
      "chl        1.000000  \n",
      "[[ 0.     0.     0.738  0.     0.542  0.341  0.   ]\n",
      " [ 0.     0.     0.     0.     0.051  0.05   0.   ]\n",
      " [ 0.738  0.     0.     0.178  0.     0.     0.001]\n",
      " [ 0.     0.     0.178  0.     0.     0.001  0.   ]\n",
      " [ 0.542  0.051  0.     0.     0.     0.     0.04 ]\n",
      " [ 0.341  0.05   0.     0.001  0.     0.     0.   ]\n",
      " [ 0.     0.     0.001  0.     0.04   0.     0.   ]]\n",
      "segment 7\n",
      "            density  ocean_tmp  salinity   synecho      pico   picoeuk  \\\n",
      "density    1.000000  -0.927700 -0.558727  0.675656 -0.638983  0.499812   \n",
      "ocean_tmp -0.927700   1.000000  0.827915 -0.846902  0.685732 -0.511042   \n",
      "salinity  -0.558727   0.827915  1.000000 -0.864726  0.563529 -0.385189   \n",
      "synecho    0.675656  -0.846902 -0.864726  1.000000 -0.666596  0.633159   \n",
      "pico      -0.638983   0.685732  0.563529 -0.666596  1.000000 -0.477597   \n",
      "picoeuk    0.499812  -0.511042 -0.385189  0.633159 -0.477597  1.000000   \n",
      "chl        0.132836  -0.144575 -0.118996  0.124081  0.037588  0.130436   \n",
      "\n",
      "                chl  \n",
      "density    0.132836  \n",
      "ocean_tmp -0.144575  \n",
      "salinity  -0.118996  \n",
      "synecho    0.124081  \n",
      "pico       0.037588  \n",
      "picoeuk    0.130436  \n",
      "chl        1.000000  \n",
      "[[ 0.     0.     0.     0.     0.     0.     0.019]\n",
      " [ 0.     0.     0.     0.     0.     0.     0.01 ]\n",
      " [ 0.     0.     0.     0.     0.     0.     0.035]\n",
      " [ 0.     0.     0.     0.     0.     0.     0.028]\n",
      " [ 0.     0.     0.     0.     0.     0.     0.508]\n",
      " [ 0.     0.     0.     0.     0.     0.     0.021]\n",
      " [ 0.019  0.01   0.035  0.028  0.508  0.021  0.   ]]\n",
      "segment 8\n",
      "            density  ocean_tmp  salinity   synecho      pico   picoeuk  \\\n",
      "density    1.000000  -0.438756 -0.200563  0.007426 -0.107682  0.283771   \n",
      "ocean_tmp -0.438756   1.000000  0.968255  0.031450  0.095742 -0.251282   \n",
      "salinity  -0.200563   0.968255  1.000000  0.033578  0.072072 -0.202084   \n",
      "synecho    0.007426   0.031450  0.033578  1.000000 -0.642857 -0.031787   \n",
      "pico      -0.107682   0.095742  0.072072 -0.642857  1.000000  0.342099   \n",
      "picoeuk    0.283771  -0.251282 -0.202084 -0.031787  0.342099  1.000000   \n",
      "chl       -0.180048   0.079140  0.028853  0.085040  0.301368  0.645713   \n",
      "\n",
      "                chl  \n",
      "density   -0.180048  \n",
      "ocean_tmp  0.079140  \n",
      "salinity   0.028853  \n",
      "synecho    0.085040  \n",
      "pico       0.301368  \n",
      "picoeuk    0.645713  \n",
      "chl        1.000000  \n",
      "[[ 0.     0.     0.     0.893  0.05   0.     0.001]\n",
      " [ 0.     0.     0.     0.568  0.082  0.     0.15 ]\n",
      " [ 0.     0.     0.     0.542  0.19   0.     0.6  ]\n",
      " [ 0.893  0.568  0.542  0.     0.     0.564  0.122]\n",
      " [ 0.05   0.082  0.19   0.     0.     0.     0.   ]\n",
      " [ 0.     0.     0.     0.564  0.     0.     0.   ]\n",
      " [ 0.001  0.15   0.6    0.122  0.     0.     0.   ]]\n",
      "segment 9\n",
      "            density  ocean_tmp  salinity   synecho      pico   picoeuk  \\\n",
      "density    1.000000  -0.545925  0.425345  0.047795  0.108080 -0.353626   \n",
      "ocean_tmp -0.545925   1.000000  0.526056 -0.351339 -0.350344  0.271272   \n",
      "salinity   0.425345   0.526056  1.000000 -0.332428 -0.269179 -0.065803   \n",
      "synecho    0.047795  -0.351339 -0.332428  1.000000  0.495746  0.247185   \n",
      "pico       0.108080  -0.350344 -0.269179  0.495746  1.000000  0.418545   \n",
      "picoeuk   -0.353626   0.271272 -0.065803  0.247185  0.418545  1.000000   \n",
      "chl       -0.135120  -0.338585 -0.503396  0.594128  0.534793  0.527750   \n",
      "\n",
      "                chl  \n",
      "density   -0.135120  \n",
      "ocean_tmp -0.338585  \n",
      "salinity  -0.503396  \n",
      "synecho    0.594128  \n",
      "pico       0.534793  \n",
      "picoeuk    0.527750  \n",
      "chl        1.000000  \n",
      "[[ 0.     0.     0.     0.345  0.032  0.     0.007]\n",
      " [ 0.     0.     0.     0.     0.     0.     0.   ]\n",
      " [ 0.     0.     0.     0.     0.     0.194  0.   ]\n",
      " [ 0.345  0.     0.     0.     0.     0.     0.   ]\n",
      " [ 0.032  0.     0.     0.     0.     0.     0.   ]\n",
      " [ 0.     0.     0.194  0.     0.     0.     0.   ]\n",
      " [ 0.007  0.     0.     0.     0.     0.     0.   ]]\n"
     ]
    },
    {
     "name": "stderr",
     "output_type": "stream",
     "text": [
      "/Users/archie/anaconda/lib/python2.7/site-packages/IPython/kernel/__main__.py:14: FutureWarning: icol(i) is deprecated. Please use .iloc[:,i]\n"
     ]
    }
   ],
   "source": [
    "# look at correlations for each segment individually\n",
    "segments = tracks(clean)\n",
    "\n",
    "\n",
    "for k in range(1, len(segments)+1):\n",
    "    a = segments['start'][k]\n",
    "    b = segments['end'][k]\n",
    "        \n",
    "    tmp = data[['density', 'ocean_tmp', 'salinity', 'synecho', 'pico', 'picoeuk', 'chl']][a:b]\n",
    "    \n",
    "    pval = np.zeros([tmp.shape[1],tmp.shape[1]])\n",
    "    for i in range(tmp.shape[1]): # rows are the number of rows in the matrix.\n",
    "        for j in range(tmp.shape[1]):\n",
    "            JonI        = pd.ols(y=tmp.icol(i), x=tmp.icol(j), intercept=True)\n",
    "            pval[i,j]  = np.round(JonI.f_stat['p-value'],3)\n",
    "\n",
    "    \n",
    "    print 'segment', k\n",
    "    print tmp.corr()\n",
    "    print pval\n",
    "    del tmp, pval"
   ]
  },
  {
   "cell_type": "code",
   "execution_count": 26,
   "metadata": {
    "collapsed": false
   },
   "outputs": [
    {
     "name": "stdout",
     "output_type": "stream",
     "text": [
      "Segment 1\n"
     ]
    },
    {
     "data": {
      "image/png": [
       "iVBORw0KGgoAAAANSUhEUgAAAl4AAAFwCAYAAABpb3VdAAAABHNCSVQICAgIfAhkiAAAAAlwSFlz\n",
       "AAALEgAACxIB0t1+/AAAIABJREFUeJzsnXe4ZFWVt98fdG5SQ5NTo5IkKyKKaOMoCphwRoxjdhxH\n",
       "gTHNqHxalCgqJkyDDgJGUAHjKCYEEUQQpEFybFIDkpuGJjSs74+9961z656qOlV1Kt71Ps999gn7\n",
       "nLPrVji/s9baa8nMcBzHcRzHcXrPaoMegOM4juM4znTBhZfjOI7jOE6fcOHlOI7jOI7TJ1x4OY7j\n",
       "OI7j9AkXXo7jOI7jOH3ChZfjOI7jOE6f6KvwkrS5pDMkXSbpUkmHxO1HSLpY0hJJp0vavMHx60g6\n",
       "RdIVki6X9My4/XBJt0i6KP69uJ+vy3Ecx3GcwSPpeEl3SPp7g/0LJf066o1LJb25z0NE/czjJWkj\n",
       "YCMzWyJpDeBC4BXALWb2QOxzMLCLmb095/hvA380s+MlzQDmm9n9kirAA2b2hb69GMdxHMdxhgpJ\n",
       "ewMrgO+Y2U45+w8HZpvZhyUtBK4CNjSzVf0aY18tXmZ2u5kticsrgCuATZLoiqwB3FV/rKS1gb3N\n",
       "7Ph4/Cozuz/bpXcjdxzHcRxn2DGzPwH3NulyG7BWXF4LuLufogsGGOMlaRGwG3BeXP+kpJuANwGf\n",
       "zjlkK+BOSSdI+pukYyXNy+w/OLorj5O0To+H7ziO4zjO6HEssIOkZcDFwKH9HsBAhFd0M54CHBot\n",
       "X5jZYWa2BfAt4Is5h80Angb8j5k9DXgQ+FDcdwxBmO1KULOf7+kLcBzHcRxnFPkIsMTMNiFohq9J\n",
       "WrOfA5jRz4sBSJoJnAp8z8x+mtPlROBXOdtvIcSC/TWun0IUXmb2j8z5vwn8Iue6XpTScRzHccYM\n",
       "M2sn1OjZwCfjcddJugHYFrigF2PLo6/CS5KA44DLzezozPatzeyauPpy4KL6Y83sdkk3S9rGzK4G\n",
       "XgBcFo/f2Mxui10PBHJnM7T55owUks40s8WDHkev8Nc32ozz6xvn1wb++kadafD62jWqXEnQD+dI\n",
       "2pAguq4vfWBN6LfFay/gDcAlkpK4+gjwNknbAo8D1wHvApC0CXCsmR0Q+x4MfF/SrNjvLXH7ZyTt\n",
       "ChhwA/DOfrwYx3GccURVySp9nPLuOCUh6STgecBCSTcDFWAmgJl9AzgSOEHSxYRwq/8ys3v6Oca+\n",
       "Ci8zO5v8uLLTGvRfBhyQWb8YeEZOvzeWNUbHcZzpjKo6FXiKqnqWVeyhQY/HcdrBzF7bYv9dwEv7\n",
       "NJxcPHP9+JAXLzdO+Osbbcb59Y3ba3slsDM1j8K4vb56/PU5faWvCVQHiSQb5xgvx3GcblFVM4DH\n",
       "4uoFVrEpHgbHGSZG8d7uFi/HcRwnMT+zvLuqevrARuI4Y4oLL8dxHCdRn89oSuk2x3G6w4WX4ziO\n",
       "k6gXXtsNZBSOM8a48HIcx3ESa8Q2xXmtP6iBOM644sLLcRzHSSSL1w2xdeHlOCXjwstxHGcaoKr+\n",
       "WVW9T1U1mwGWLF5JeK2nqvw+4Tgl0vdajY7jOE5/ieLpBIJFayVwTIOuyeJ1D3A/sDawTlx3HKcE\n",
       "/EnGcRxn/NmCmqj6vKpqFDSfLF4rgDvjsrsbHadEXHg5juOMPztmlucCn2nQL4mzB3Dh5Tg9wYWX\n",
       "4zjO+LNDbFP5mOc1iN1KFi8XXo7TI1x4OY7jjD9JeJ0G3EyI3do+p1+yeK0A7orLLrwcp0RceDmO\n",
       "44w/SXhdBvw5Lj87p59bvBynx7jwchzHGWOiSzFZt7LCa6+c7lmLVxJeC3s3OseZfrjwchzHGW+2\n",
       "IgTUL7OK3QecE7e7xctxBoALL8dxnPEm62YEuAR4CNhaVdWLqjyLlwsvxykRF16O4zjjTUolcRmA\n",
       "Vewx4Py4rd7d6BYvx+kxLrwcxxkaJG0oaeNBj2PMeHpsL85sOz22r6zr6xYvx+kxLrwcxxkKJM0A\n",
       "zgP+JmnWoMczRjwztudltv0gtq9QVXMz27MJVCfSSbSo7+g4Thu48HIcZ1jYE9gS2IgQEO50iara\n",
       "DNiUUHfxqrTdKnYtcAFBaO2fOWSiZJBV7EFCXcfZwPy+DNhxpgEuvBzHGRb2yyw/ZWCjGC+Stet8\n",
       "q9gTdfuS1es1ANGqla3VCO5udJzSceHlOM6w4MKrfPLcjIkfxvYl0d04l3BPeNgqtiruc+HlOCXj\n",
       "wstxnIEjaSNgt8wmF17lkITXX+p3WMVuIaSWmAM8g8nxXQkXXo5TMi68HMcZBl4c24di68KrS1TV\n",
       "DGD3uHp+g25/iu3eTHUzggsvxykdF16O4wwDz4rtSbF14dU9OwHzgOutYnc26JMVXnkWr+WxXQPH\n",
       "cUrBhZfjOMPA2rE9BzBgkaSZAxzPOPDq2J7RpE8SXs+m9h5khdejsfX0Ho5TEi68HGcaosA/SVNK\n",
       "xgyKZG25E7gFmAE8V9Ixkm6S9IPGhzr1qKqZwJvi6vGN+lnFlgHXE/7/KYt91tX4SGxnlz1Gx5mu\n",
       "uPBynOnJvsDvgUslvXDQg2FyfNG1cfmXwL8DmwMHSfLfq+LsT8iHdiVwbou+yeqV8nm5xctxeoj/\n",
       "kDnOCCNpzQ5dcimYfQPgN5L+JOngAYqbbHxREl6zCUk/HwQErDWAcY0qb4vtcVYxa9E3Ca88i5cL\n",
       "L8cpGRdejjOiSNoUuA74TQeHL47tycAq4DnAl4EvSQMpD5Nn8QJ4N7XSNQv6OqLR5nmxPalpr8Dp\n",
       "detu8XKcHuLCy3FGl48Tpvk/t53ahpLWBXYh3FTfFM/xlrj+HuBj5Q+1JVmL1zlx+XtmdjpwX1x3\n",
       "4VUAVbUaNevg7a36W8WWAldkNnmMl+P0EBdejjOCSNoJeHNcXR14UhuH701w3f3FzFaa2f1m9i3g\n",
       "oLj/gwNwOSbhtcLMzgGeTO313RtbF17FqP0vK/Z4wWN+mVl2i5fj9JC+/rhK2lzSGZIuk3SppEPi\n",
       "9iMkXSxpiaTTJW3e4Ph1JJ0i6QpJl0vaM25fV9LvJF0t6beS1unn63KcAXAkk7+/27ZxbHJD/TG7\n",
       "0cx+BvyDUBB5065G1wZR5KUizA/GsVxvNiEakvDy73UxkrXr/jaO+VVm2WO8HKeH9Pup9jHgvWa2\n",
       "A7An8G5J2wNHmdkuZrYr8FOg0uD4LwG/MrPtgZ2pmcc/BPzOzLYhxCt8qJcvwnEGSUwBcQDh+5Ri\n",
       "eNoRXotje2bOvitju10nY+uQJLoeyoitLG7xao+Uj2t5016TOTuzvF5m2YWX45RMX4WXmd1uZkvi\n",
       "8gqCcNrEzLKm7TWoBdNOIGltYG8zOz4ev8rM0hPdy4Bvx+VvA6/o0UtwnGFgf4Kr8A/UbpiFhJek\n",
       "BcCuhBvqlPp9DEZ4pcD6Bxrs9xiv9mjb4mUVewy4KK5mRZjHeDlOycwY1IUlLSIUxT0vrn8S+FdC\n",
       "rbY9cw7ZCrhT0gmEwOALgUPN7CFgQzO7I/a7A9iwp4N3nMHystj+gpBuAYpbvFJ813nxu1PPIITX\n",
       "RExSg/1u8WqPZPFqx9UI8FxgF6vYOZltbvFynJIZSHC9pDWAUwjCaQWAmR1mZlsA3wK+mHPYDOBp\n",
       "wP+Y2dMIsSBTXIpmZoSSI44zdkiaA7wornYivBbH9swG+4fR4uUxXu3RiasRq9iKOtEFLrwcp3T6\n",
       "bvGKyR5PJUwV/2lOlxOZHOiZuAW4xcz+GtdPBf47Lt8haSMzu13SxoQA4bxrH55ZPdPMzuzgJTjO\n",
       "IFlMiIm62Mxuijm3HgQWSlrPzO4ucDwMl/Byi1e5dBJc3wgXXs5QIWkxtd+xkaSvwiveJI4DLjez\n",
       "ozPbtzaza+Lqy6nFGkwQRdXNkrYxs6uBfwIui7t/TshH9JnY5gk6zOzwsl7LMCPp9cBaZnbMoMfS\n",
       "CyStCXwN+HbM8zSdeGlsfw7BwivpKoI1eFvgz40OjLN9dyUE5efFdwHcBDwMbCJpLTNry2rSIUUt\n",
