{
 "cells": [
  {
   "cell_type": "code",
   "execution_count": 1,
   "metadata": {
    "collapsed": true
   },
   "outputs": [],
   "source": [
    "% matplotlib inline\n",
    "\n",
    "from __future__ import division\n",
    "import numpy as np\n",
    "import pandas as pd\n",
    "import math\n",
    "import matplotlib.pyplot as plt\n",
    "from statsmodels.tsa.stattools import acf, ccf\n",
    "from statsmodels.tsa.tsatools import detrend\n",
    "from scipy.spatial.distance import pdist, squareform\n",
    "import scipy.signal as signal\n",
    "import time as tm\n",
    "import gsw as sw\n",
    "from scipy.optimize import curve_fit\n",
    "from scipy.stats import chi2\n",
    "\n",
    "from mpl_toolkits.basemap import Basemap, cm\n",
    "from netCDF4 import Dataset as NetCDFFile"
   ]
  },
  {
   "cell_type": "code",
   "execution_count": 2,
   "metadata": {
    "collapsed": true
   },
   "outputs": [],
   "source": [
    "def convert_KM(sds):\n",
    "    lon_tmp = sds[(sds['cruise']=='KiloMoana_1')]['lon']\n",
    "    lon_tmp = lon_tmp//100 + (lon_tmp - lon_tmp//100*100)/60\n",
    "    lat_tmp = sds[(sds['cruise']=='KiloMoana_1')]['lat']\n",
    "    lat_tmp = lat_tmp//100 + (lat_tmp - lat_tmp//100*100)/60\n",
    "    \n",
    "    sds.loc[sds['cruise']=='KiloMoana_1','lon'] = -lon_tmp\n",
    "    sds.loc[sds['cruise']=='KiloMoana_1','lat'] = lat_tmp\n",
    "    \n",
    "    lon_tmp2 = sds[(sds['cruise']=='SCOPE_2')]['lon']\n",
    "    lon_tmp2 = lon_tmp2//100 + (lon_tmp2 - lon_tmp2//100*100)/60\n",
    "    lat_tmp2 = sds[(sds['cruise']=='SCOPE_2')]['lat']\n",
    "    lat_tmp2 = lat_tmp2//100 + (lat_tmp2 - lat_tmp2//100*100)/60\n",
    "    \n",
    "    sds.loc[sds['cruise']=='SCOPE_2','lon'] = -lon_tmp2\n",
    "    sds.loc[sds['cruise']=='SCOPE_2','lat'] = lat_tmp2\n",
    "    \n",
    "    return sds\n",
    "\n",
    "def checklon(data):\n",
    "    cxx = (data['lon']).values # longitude\n",
    "\n",
    "    # convert all longitude to longitude east\n",
    "    cxx[cxx<0]= 360+cxx[cxx<0];\n",
    "    data['lon_e'] = cxx\n",
    "    cxbew = cxx\n",
    "    cxbew[cxbew>180] = cxbew[cxbew>180]-360   \n",
    "    data['lon'] = cxbew\n",
    "    return data\n",
    "\n",
    "def distance(data):\n",
    "    cruise = pd.unique(data['cruise'])\n",
    "    distances = pd.DataFrame()    \n",
    "    for c in cruise:\n",
    "        temp = pd.DataFrame()\n",
    "        temp = data.loc[(data['cruise']==c), ['cruise','file_time','lon','lat']]\n",
    "        \n",
    "        # calculate distance in km between points\n",
    "        temp['dx'] = np.insert(sw.distance(temp['lon'].values, temp['lat'].values, 0),0,0)/1000\n",
    "        temp['x'] = np.cumsum(temp['dx'])\n",
    "        \n",
    "        if c == cruise[0]:\n",
    "            distances = distances.append(temp)\n",
    "        else:\n",
    "            distances = pd.concat([distances, temp], axis=0)\n",
    "        del temp\n",
    "    data = pd.merge(left = data, right = distances, how='left', left_on=['cruise','file_time','lat','lon'], right_on=['cruise','file_time','lat','lon'])\n",
    "    #return distances\n",
    "\n",
    "    return data  \n",
    "\n",
    "def tracks(data):\n",
    "    seg = []\n",
    "    start = 0\n",
    "    n = 1\n",
    "    for i in range(len(data)):\n",
    "        if ((data['dx'][i] > 20) | (data['dx'][i] < 0.01)):\n",
    "            seg.append([data['cruise'][i], start, i-1, sum(data['dx'][start:i-1])])# - data['x'][start])])\n",
    "                                                         \n",
    "            n += 1\n",
    "            start = i+1\n",
    "    \n",
    "    segments = pd.DataFrame(seg, columns = ['cruise', 'start', 'end', 'length']) \n",
    "    segments = segments.loc[(segments['length'] >= 200)]\n",
    "    segments = segments.loc[(segments['end'] > 0)]\n",
    "    segments['number'] = range(1, len(segments)+1)\n",
    "    segments = segments.set_index(['number'])\n",
    "    return segments\n",
    "\n",
    "\n",
    "def interpdata(track, aa, bb, var):\n",
    "    # we went to create a new dataframe which has the interpolated data for each track for all variables, \n",
    "    # and a position.\n",
    "    intdata = pd.DataFrame()\n",
    "    # set the interpolation distance \n",
    "    n = 1 # 1km \n",
    "    begin = np.floor(track['x'][:1])\n",
    "    intdata['x'] = np.arange(aa, bb, n)\n",
    " \n",
    "    for v in var:\n",
    "        intdata[v] = np.interp(intdata['x'].values,track['x'].values,track[v].values)\n",
    "          \n",
    "    return intdata\n"
   ]
  },
  {
   "cell_type": "code",
   "execution_count": 3,
   "metadata": {
    "collapsed": false
   },
   "outputs": [
    {
     "name": "stdout",
     "output_type": "stream",
     "text": [
      "Index([u'Unnamed: 0', u'cruise', u'file_time', u'opp_evt_ratio', u'flow_rate',\n",
      "       u'beads', u'picoeuk', u'prochloro', u'synecho', u'unknown', u'cocco',\n",
      "       u'ts', u'file_duration', u'pico', u'Unnamed: 0.1', u'tot_chl',\n",
      "       u'file_time_r', u'Unnamed: 0.1', u'file_duration_r', u'lat', u'lon',\n",
      "       u'conductivity', u'salinity', u'ocean_tmp', u'par', u'bulk_red',\n",
      "       u'stream_pressure', u'flow_rate_r', u'event_rate', u'avg_chl',\n",
      "       u'avg_pe', u'avg_fsc', u'density', u'lon_e', u'dx', u'x', u'sds_time',\n",
      "       u'file_time_r.1', u'opp.evt'],\n",
      "      dtype='object')\n"
     ]
    }
   ],
   "source": [
    "# import data\n",
    "filePath = '/Users/archie/Google Drive/seaflow_data/KM1_abun_sds_opp.csv'\n",
    "data = pd.read_csv(filePath, sep=',')\n",
    "print data.columns\n",
    "\n",
    "filePath = r'/Users/archie/Google Drive/seaflow_data/sds_depth.csv'\n",
    "depth = pd.read_csv(filePath)\n",
    "\n",
    "filePath = r'/Users/archie/Google Drive/seaflow_data/sds_dist2coast.csv'\n",
    "dcoast = pd.read_csv(filePath)\n"
   ]
  },
  {
   "cell_type": "code",
   "execution_count": 4,
   "metadata": {
    "collapsed": false
   },
   "outputs": [
    {
     "name": "stderr",
     "output_type": "stream",
     "text": [
      "/Users/archie/anaconda/lib/python2.7/site-packages/IPython/kernel/__main__.py:18: SettingWithCopyWarning: \n",
      "A value is trying to be set on a copy of a slice from a DataFrame.\n",
      "Try using .loc[row_indexer,col_indexer] = value instead\n",
      "\n",
      "See the caveats in the documentation: http://pandas.pydata.org/pandas-docs/stable/indexing.html#indexing-view-versus-copy\n"
     ]
    }
   ],
   "source": [
    "# add density \n",
    "data['density'] = sw.rho(data['salinity'].values,data['ocean_tmp'].values,0)\n",
    "data = checklon(data)\n",
    "\n",
    "# only keep KM1304 data\n",
    "data = data[(data['cruise']=='KiloMoana_1')]\n",
    "               \n",
    "# sort the dataframe so that it is in date/time order\n",
    "data = pd.merge(data, depth, on=['cruise','file_time'], how='inner')\n",
    "data = pd.merge(data, dcoast, on=['cruise','file_time'], how='inner')\n",
    "data = data.sort_values(by = ['cruise', 'file_time'],ascending=[1, 1])\n",
    "data = data.reset_index(drop=True)\n",
    "\n",
    "# now we have a dataframe with the total alongtrack distance for each cruise, \n",
    "# and the distance between points for each file.\n",
    "\n",
    "clean = data[['cruise', 'file_time', 'lon', 'lon_e', 'lat', 'depth', 'dcoast', 'salinity', 'ocean_tmp', 'density', 'pico', 'synecho', 'picoeuk']]\n",
    "clean['tot_chl'] = data['tot_chl']#/(data['file_duration']*data['opp.evt']*data['flow_rate'])\n",
    "clean = clean.sort_values(by = ['cruise', 'file_time'],ascending=[1, 1])\n",
    "clean = distance(clean)\n"
   ]
  },
  {
   "cell_type": "code",
   "execution_count": 25,
   "metadata": {
    "collapsed": false
   },
   "outputs": [
    {
     "data": {
      "text/html": [
       "<div>\n",
       "<table border=\"1\" class=\"dataframe\">\n",
       "  <thead>\n",
       "    <tr style=\"text-align: right;\">\n",
       "      <th></th>\n",
       "      <th>lon</th>\n",
       "      <th>lon_e</th>\n",
       "      <th>lat</th>\n",
       "      <th>depth</th>\n",
       "      <th>dcoast</th>\n",
       "      <th>salinity</th>\n",
       "      <th>ocean_tmp</th>\n",
       "      <th>density</th>\n",
       "      <th>pico</th>\n",
       "      <th>synecho</th>\n",
       "      <th>picoeuk</th>\n",
       "      <th>tot_chl</th>\n",
       "      <th>dx</th>\n",
       "      <th>x</th>\n",
       "    </tr>\n",
       "  </thead>\n",
       "  <tbody>\n",
       "    <tr>\n",
       "      <th>lon</th>\n",
       "      <td>1.000000</td>\n",
       "      <td>1.000000</td>\n",
       "      <td>0.751694</td>\n",
       "      <td>0.842161</td>\n",
       "      <td>-0.564667</td>\n",
       "      <td>-0.792679</td>\n",
       "      <td>-0.759462</td>\n",
       "      <td>0.317966</td>\n",
       "      <td>-0.488513</td>\n",
       "      <td>0.536684</td>\n",
       "      <td>0.170639</td>\n",
       "      <td>0.032492</td>\n",
       "      <td>-0.065404</td>\n",
       "      <td>-0.926388</td>\n",
       "    </tr>\n",
       "    <tr>\n",
       "      <th>lon_e</th>\n",
       "      <td>1.000000</td>\n",
       "      <td>1.000000</td>\n",
       "      <td>0.751694</td>\n",
       "      <td>0.842161</td>\n",
       "      <td>-0.564667</td>\n",
       "      <td>-0.792679</td>\n",
       "      <td>-0.759462</td>\n",
       "      <td>0.317966</td>\n",
       "      <td>-0.488513</td>\n",
       "      <td>0.536684</td>\n",
       "      <td>0.170639</td>\n",
       "      <td>0.032492</td>\n",
       "      <td>-0.065404</td>\n",
       "      <td>-0.926388</td>\n",
       "    </tr>\n",
       "    <tr>\n",
       "      <th>lat</th>\n",
       "      <td>0.751694</td>\n",
       "      <td>0.751694</td>\n",
       "      <td>1.000000</td>\n",
       "      <td>0.537517</td>\n",
       "      <td>-0.192628</td>\n",
       "      <td>-0.942439</td>\n",
       "      <td>-0.963168</td>\n",
       "      <td>0.669741</td>\n",
       "      <td>-0.798800</td>\n",
       "      <td>0.451297</td>\n",
       "      <td>0.615968</td>\n",
       "      <td>-0.185894</td>\n",
       "      <td>-0.042456</td>\n",
       "      <td>-0.944212</td>\n",
       "    </tr>\n",
       "    <tr>\n",
       "      <th>depth</th>\n",
       "      <td>0.842161</td>\n",
       "      <td>0.842161</td>\n",
       "      <td>0.537517</td>\n",
       "      <td>1.000000</td>\n",
       "      <td>-0.744561</td>\n",
       "      <td>-0.691840</td>\n",
       "      <td>-0.668196</td>\n",
       "      <td>0.221794</td>\n",
       "      <td>-0.293634</td>\n",
       "      <td>0.396922</td>\n",
       "      <td>0.074368</td>\n",
       "      <td>-0.039488</td>\n",
       "      <td>-0.047895</td>\n",
       "      <td>-0.732526</td>\n",
       "    </tr>\n",
       "    <tr>\n",
       "      <th>dcoast</th>\n",
       "      <td>-0.564667</td>\n",
       "      <td>-0.564667</td>\n",
       "      <td>-0.192628</td>\n",
       "      <td>-0.744561</td>\n",
       "      <td>1.000000</td>\n",
       "      <td>0.250082</td>\n",
       "      <td>0.324910</td>\n",
       "      <td>-0.277072</td>\n",
       "      <td>0.283556</td>\n",
       "      <td>-0.321973</td>\n",
       "      <td>-0.117261</td>\n",
       "      <td>-0.236237</td>\n",
       "      <td>0.025294</td>\n",
       "      <td>0.400672</td>\n",
       "    </tr>\n",
       "    <tr>\n",
       "      <th>salinity</th>\n",
       "      <td>-0.792679</td>\n",
       "      <td>-0.792679</td>\n",
       "      <td>-0.942439</td>\n",
       "      <td>-0.691840</td>\n",
       "      <td>0.250082</td>\n",
       "      <td>1.000000</td>\n",
       "      <td>0.963630</td>\n",
       "      <td>-0.479169</td>\n",
       "      <td>0.654562</td>\n",
       "      <td>-0.452701</td>\n",
       "      <td>-0.452788</td>\n",
       "      <td>0.234177</td>\n",
       "      <td>0.050486</td>\n",
       "      <td>0.933737</td>\n",
       "    </tr>\n",
       "    <tr>\n",
       "      <th>ocean_tmp</th>\n",
       "      <td>-0.759462</td>\n",
       "      <td>-0.759462</td>\n",
       "      <td>-0.963168</td>\n",
       "      <td>-0.668196</td>\n",
       "      <td>0.324910</td>\n",
       "      <td>0.963630</td>\n",
       "      <td>1.000000</td>\n",
       "      <td>-0.689563</td>\n",
       "      <td>0.748681</td>\n",
       "      <td>-0.430365</td>\n",
       "      <td>-0.599616</td>\n",
       "      <td>0.268686</td>\n",
       "      <td>0.039679</td>\n",
       "      <td>0.931344</td>\n",
       "    </tr>\n",
       "    <tr>\n",
       "      <th>density</th>\n",
       "      <td>0.317966</td>\n",
       "      <td>0.317966</td>\n",
       "      <td>0.669741</td>\n",
       "      <td>0.221794</td>\n",
       "      <td>-0.277072</td>\n",
       "      <td>-0.479169</td>\n",
       "      <td>-0.689563</td>\n",
       "      <td>1.000000</td>\n",
       "      <td>-0.776444</td>\n",
       "      <td>0.230273</td>\n",
       "      <td>0.794053</td>\n",
       "      <td>-0.214087</td>\n",
       "      <td>0.008027</td>\n",
       "      <td>-0.546516</td>\n",
       "    </tr>\n",
       "    <tr>\n",
       "      <th>pico</th>\n",
       "      <td>-0.488513</td>\n",
       "      <td>-0.488513</td>\n",
       "      <td>-0.798800</td>\n",
       "      <td>-0.293634</td>\n",
       "      <td>0.283556</td>\n",
       "      <td>0.654562</td>\n",
       "      <td>0.748681</td>\n",
       "      <td>-0.776444</td>\n",
       "      <td>1.000000</td>\n",
       "      <td>-0.527416</td>\n",
       "      <td>-0.698366</td>\n",
       "      <td>0.014969</td>\n",
       "      <td>0.000586</td>\n",
       "      <td>0.700088</td>\n",
       "    </tr>\n",
       "    <tr>\n",
       "      <th>synecho</th>\n",
       "      <td>0.536684</td>\n",
       "      <td>0.536684</td>\n",
       "      <td>0.451297</td>\n",
       "      <td>0.396922</td>\n",
       "      <td>-0.321973</td>\n",
       "      <td>-0.452701</td>\n",
       "      <td>-0.430365</td>\n",
       "      <td>0.230273</td>\n",
       "      <td>-0.527416</td>\n",
       "      <td>1.000000</td>\n",
       "      <td>0.120492</td>\n",
       "      <td>0.358169</td>\n",
       "      <td>-0.057033</td>\n",
       "      <td>-0.525376</td>\n",
       "    </tr>\n",
       "    <tr>\n",
       "      <th>picoeuk</th>\n",
       "      <td>0.170639</td>\n",
       "      <td>0.170639</td>\n",
       "      <td>0.615968</td>\n",
       "      <td>0.074368</td>\n",
       "      <td>-0.117261</td>\n",
       "      <td>-0.452788</td>\n",
       "      <td>-0.599616</td>\n",
       "      <td>0.794053</td>\n",
       "      <td>-0.698366</td>\n",
       "      <td>0.120492</td>\n",
       "      <td>1.000000</td>\n",
       "      <td>-0.132656</td>\n",
       "      <td>-0.005304</td>\n",
       "      <td>-0.439512</td>\n",
       "    </tr>\n",
       "    <tr>\n",
       "      <th>tot_chl</th>\n",
       "      <td>0.032492</td>\n",
       "      <td>0.032492</td>\n",
       "      <td>-0.185894</td>\n",
       "      <td>-0.039488</td>\n",
       "      <td>-0.236237</td>\n",
       "      <td>0.234177</td>\n",
       "      <td>0.268686</td>\n",
       "      <td>-0.214087</td>\n",
       "      <td>0.014969</td>\n",
       "      <td>0.358169</td>\n",
       "      <td>-0.132656</td>\n",
       "      <td>1.000000</td>\n",
       "      <td>-0.032402</td>\n",
       "      <td>0.092353</td>\n",
       "    </tr>\n",
       "    <tr>\n",
       "      <th>dx</th>\n",
       "      <td>-0.065404</td>\n",
       "      <td>-0.065404</td>\n",
       "      <td>-0.042456</td>\n",
       "      <td>-0.047895</td>\n",
       "      <td>0.025294</td>\n",
       "      <td>0.050486</td>\n",
       "      <td>0.039679</td>\n",
       "      <td>0.008027</td>\n",
       "      <td>0.000586</td>\n",
       "      <td>-0.057033</td>\n",
       "      <td>-0.005304</td>\n",
       "      <td>-0.032402</td>\n",
       "      <td>1.000000</td>\n",
       "      <td>0.056340</td>\n",
       "    </tr>\n",
       "    <tr>\n",
       "      <th>x</th>\n",
       "      <td>-0.926388</td>\n",
       "      <td>-0.926388</td>\n",
       "      <td>-0.944212</td>\n",
       "      <td>-0.732526</td>\n",
       "      <td>0.400672</td>\n",
       "      <td>0.933737</td>\n",
       "      <td>0.931344</td>\n",
       "      <td>-0.546516</td>\n",
       "      <td>0.700088</td>\n",
       "      <td>-0.525376</td>\n",
       "      <td>-0.439512</td>\n",
       "      <td>0.092353</td>\n",
       "      <td>0.056340</td>\n",
       "      <td>1.000000</td>\n",
       "    </tr>\n",
       "  </tbody>\n",
       "</table>\n",
       "</div>"
      ],
      "text/plain": [
       "                lon     lon_e       lat     depth    dcoast  salinity  \\\n",
       "lon        1.000000  1.000000  0.751694  0.842161 -0.564667 -0.792679   \n",
       "lon_e      1.000000  1.000000  0.751694  0.842161 -0.564667 -0.792679   \n",
       "lat        0.751694  0.751694  1.000000  0.537517 -0.192628 -0.942439   \n",
       "depth      0.842161  0.842161  0.537517  1.000000 -0.744561 -0.691840   \n",
       "dcoast    -0.564667 -0.564667 -0.192628 -0.744561  1.000000  0.250082   \n",
       "salinity  -0.792679 -0.792679 -0.942439 -0.691840  0.250082  1.000000   \n",
       "ocean_tmp -0.759462 -0.759462 -0.963168 -0.668196  0.324910  0.963630   \n",
       "density    0.317966  0.317966  0.669741  0.221794 -0.277072 -0.479169   \n",
       "pico      -0.488513 -0.488513 -0.798800 -0.293634  0.283556  0.654562   \n",
       "synecho    0.536684  0.536684  0.451297  0.396922 -0.321973 -0.452701   \n",
       "picoeuk    0.170639  0.170639  0.615968  0.074368 -0.117261 -0.452788   \n",
       "tot_chl    0.032492  0.032492 -0.185894 -0.039488 -0.236237  0.234177   \n",
       "dx        -0.065404 -0.065404 -0.042456 -0.047895  0.025294  0.050486   \n",
       "x         -0.926388 -0.926388 -0.944212 -0.732526  0.400672  0.933737   \n",
       "\n",
       "           ocean_tmp   density      pico   synecho   picoeuk   tot_chl  \\\n",
       "lon        -0.759462  0.317966 -0.488513  0.536684  0.170639  0.032492   \n",
       "lon_e      -0.759462  0.317966 -0.488513  0.536684  0.170639  0.032492   \n",
       "lat        -0.963168  0.669741 -0.798800  0.451297  0.615968 -0.185894   \n",
       "depth      -0.668196  0.221794 -0.293634  0.396922  0.074368 -0.039488   \n",
       "dcoast      0.324910 -0.277072  0.283556 -0.321973 -0.117261 -0.236237   \n",
       "salinity    0.963630 -0.479169  0.654562 -0.452701 -0.452788  0.234177   \n",
       "ocean_tmp   1.000000 -0.689563  0.748681 -0.430365 -0.599616  0.268686   \n",
       "density    -0.689563  1.000000 -0.776444  0.230273  0.794053 -0.214087   \n",
       "pico        0.748681 -0.776444  1.000000 -0.527416 -0.698366  0.014969   \n",
       "synecho    -0.430365  0.230273 -0.527416  1.000000  0.120492  0.358169   \n",
       "picoeuk    -0.599616  0.794053 -0.698366  0.120492  1.000000 -0.132656   \n",
       "tot_chl     0.268686 -0.214087  0.014969  0.358169 -0.132656  1.000000   \n",
       "dx          0.039679  0.008027  0.000586 -0.057033 -0.005304 -0.032402   \n",
       "x           0.931344 -0.546516  0.700088 -0.525376 -0.439512  0.092353   \n",
       "\n",
       "                 dx         x  \n",
       "lon       -0.065404 -0.926388  \n",
       "lon_e     -0.065404 -0.926388  \n",
       "lat       -0.042456 -0.944212  \n",
       "depth     -0.047895 -0.732526  \n",
       "dcoast     0.025294  0.400672  \n",
       "salinity   0.050486  0.933737  \n",
       "ocean_tmp  0.039679  0.931344  \n",
       "density    0.008027 -0.546516  \n",
       "pico       0.000586  0.700088  \n",
       "synecho   -0.057033 -0.525376  \n",
       "picoeuk   -0.005304 -0.439512  \n",
       "tot_chl   -0.032402  0.092353  \n",
       "dx         1.000000  0.056340  \n",
       "x          0.056340  1.000000  "
      ]
     },
     "execution_count": 25,
     "metadata": {},
     "output_type": "execute_result"
    }
   ],
   "source": [
    "# look for correlations between variables over the entire cruise track\n",
    "clean.corr()\n",
    "\n"
   ]
  },
  {
   "cell_type": "code",
   "execution_count": 33,
   "metadata": {
    "collapsed": false
   },
   "outputs": [
    {
     "name": "stdout",
     "output_type": "stream",
     "text": [
      "segment 1\n",
      "            density  ocean_tmp  salinity   synecho  pico   picoeuk   tot_chl\n",
      "density    1.000000  -0.602600  0.958690 -0.810807   NaN  0.539534 -0.694484\n",
      "ocean_tmp -0.602600   1.000000 -0.350701  0.213386   NaN -0.018100  0.324414\n",
      "salinity   0.958690  -0.350701  1.000000 -0.875508   NaN  0.626676 -0.699463\n",
      "synecho   -0.810807   0.213386 -0.875508  1.000000   NaN -0.487898  0.813328\n",
      "pico            NaN        NaN       NaN       NaN   NaN       NaN       NaN\n",
      "picoeuk    0.539534  -0.018100  0.626676 -0.487898   NaN  1.000000 -0.181457\n",
      "tot_chl   -0.694484   0.324414 -0.699463  0.813328   NaN -0.181457  1.000000\n",
      "[[  0.00000000e+00   0.00000000e+00   0.00000000e+00   0.00000000e+00\n",
      "               nan   0.00000000e+00   0.00000000e+00]\n",
      " [  0.00000000e+00   0.00000000e+00   1.00000000e-08   5.31920000e-04\n",
      "               nan   7.71459300e-01   9.00000000e-08]\n",
      " [  0.00000000e+00   1.00000000e-08   0.00000000e+00   0.00000000e+00\n",
      "               nan   0.00000000e+00   0.00000000e+00]\n",
      " [  0.00000000e+00   5.31920000e-04   0.00000000e+00   0.00000000e+00\n",
      "               nan   0.00000000e+00   0.00000000e+00]\n",
      " [             nan              nan              nan              nan\n",
      "               nan              nan              nan]\n",
      " [  0.00000000e+00   7.71459300e-01   0.00000000e+00   0.00000000e+00\n",
      "               nan   0.00000000e+00   3.32230000e-03]\n",
      " [  0.00000000e+00   9.00000000e-08   0.00000000e+00   0.00000000e+00\n",
      "    1.00000000e+00   3.32230000e-03   0.00000000e+00]]\n",
      "segment 2\n",
      "            density  ocean_tmp  salinity   synecho  pico   picoeuk   tot_chl\n",
      "density    1.000000  -0.952595  0.689890  0.402419   NaN  0.829666  0.603573\n",
      "ocean_tmp -0.952595   1.000000 -0.436960 -0.547107   NaN -0.762696 -0.643397\n",
      "salinity   0.689890  -0.436960  1.000000 -0.109025   NaN  0.638967  0.256345\n",
      "synecho    0.402419  -0.547107 -0.109025  1.000000   NaN  0.317854  0.639862\n",
      "pico            NaN        NaN       NaN       NaN   NaN       NaN       NaN\n",
      "picoeuk    0.829666  -0.762696  0.638967  0.317854   NaN  1.000000  0.745971\n",
      "tot_chl    0.603573  -0.643397  0.256345  0.639862   NaN  0.745971  1.000000\n",
      "[[  0.00000000e+00   0.00000000e+00   0.00000000e+00   0.00000000e+00\n",
      "    0.00000000e+00   0.00000000e+00   0.00000000e+00]\n",
      " [  0.00000000e+00   0.00000000e+00   0.00000000e+00   0.00000000e+00\n",
      "    0.00000000e+00   0.00000000e+00   0.00000000e+00]\n",
      " [  0.00000000e+00   0.00000000e+00   0.00000000e+00   9.54381200e-02\n",
      "    0.00000000e+00   0.00000000e+00   7.02700000e-05]\n",
      " [  0.00000000e+00   0.00000000e+00   9.54381200e-02   0.00000000e+00\n",
      "    0.00000000e+00   6.50000000e-07   0.00000000e+00]\n",
      " [             nan              nan              nan              nan\n",
      "               nan              nan              nan]\n",
      " [  0.00000000e+00   0.00000000e+00   0.00000000e+00   6.50000000e-07\n",
      "               nan   0.00000000e+00   0.00000000e+00]\n",
      " [  0.00000000e+00   0.00000000e+00   7.02700000e-05   0.00000000e+00\n",
      "    0.00000000e+00   0.00000000e+00   0.00000000e+00]]\n",
      "segment 3\n",
      "            density  ocean_tmp  salinity   synecho  pico   picoeuk   tot_chl\n",
      "density    1.000000  -0.948742 -0.225466  0.338232   NaN  0.215774 -0.193940\n",
      "ocean_tmp -0.948742   1.000000  0.521705 -0.394817   NaN -0.386713  0.046079\n",
      "salinity  -0.225466   0.521705  1.000000 -0.306733   NaN -0.604018 -0.377015\n",
      "synecho    0.338232  -0.394817 -0.306733  1.000000   NaN  0.654129  0.293252\n",
      "pico            NaN        NaN       NaN       NaN   NaN       NaN       NaN\n",
      "picoeuk    0.215774  -0.386713 -0.604018  0.654129   NaN  1.000000  0.592767\n",
      "tot_chl   -0.193940   0.046079 -0.377015  0.293252   NaN  0.592767  1.000000\n",
      "[[  0.00000000e+00   0.00000000e+00   2.47030000e-04   2.00000000e-08\n",
      "               nan   4.58580000e-04   1.67799000e-03]\n",
      " [  0.00000000e+00   0.00000000e+00   0.00000000e+00   0.00000000e+00\n",
      "               nan   0.00000000e+00   4.59413650e-01]\n",
      " [  2.47030000e-04   0.00000000e+00   0.00000000e+00   4.60000000e-07\n",
      "    1.00000000e+00   0.00000000e+00   0.00000000e+00]\n",
      " [  2.00000000e-08   0.00000000e+00   4.60000000e-07   0.00000000e+00\n",
      "    0.00000000e+00   0.00000000e+00   1.49000000e-06]\n",
      " [             nan              nan              nan              nan\n",
      "               nan              nan              nan]\n",
      " [  4.58580000e-04   0.00000000e+00   0.00000000e+00   0.00000000e+00\n",
      "               nan   0.00000000e+00   0.00000000e+00]\n",
      " [  1.67799000e-03   4.59413650e-01   0.00000000e+00   1.49000000e-06\n",
      "               nan   0.00000000e+00   0.00000000e+00]]\n",
      "segment 4\n",
      "            density  ocean_tmp  salinity   synecho  pico   picoeuk   tot_chl\n",
      "density    1.000000  -0.964694  0.644072 -0.422751   NaN  0.554587  0.054763\n",
      "ocean_tmp -0.964694   1.000000 -0.419907  0.428080   NaN -0.622524 -0.119132\n",
      "salinity   0.644072  -0.419907  1.000000 -0.214430   NaN  0.111499 -0.150246\n",
      "synecho   -0.422751   0.428080 -0.214430  1.000000   NaN -0.495557 -0.371897\n",
      "pico            NaN        NaN       NaN       NaN   NaN       NaN       NaN\n",
      "picoeuk    0.554587  -0.622524  0.111499 -0.495557   NaN  1.000000  0.743208\n",
      "tot_chl    0.054763  -0.119132 -0.150246 -0.371897   NaN  0.743208  1.000000\n",
      "[[  0.00000000e+00   0.00000000e+00   0.00000000e+00   0.00000000e+00\n",
      "    1.00000000e+00   0.00000000e+00   3.44523880e-01]\n",
      " [  0.00000000e+00   0.00000000e+00   0.00000000e+00   0.00000000e+00\n",
      "    1.00000000e+00   0.00000000e+00   3.91926700e-02]\n",
      " [  0.00000000e+00   0.00000000e+00   0.00000000e+00   1.82450000e-04\n",
      "    1.00000000e+00   5.37085900e-02   9.15294000e-03]\n",
      " [  0.00000000e+00   0.00000000e+00   1.82450000e-04   0.00000000e+00\n",
      "    1.00000000e+00   0.00000000e+00   0.00000000e+00]\n",
      " [             nan              nan              nan              nan\n",
      "               nan              nan              nan]\n",
      " [  0.00000000e+00   0.00000000e+00   5.37085900e-02   0.00000000e+00\n",
      "    1.00000000e+00   0.00000000e+00   0.00000000e+00]\n",
      " [  3.44523880e-01   3.91926700e-02   9.15294000e-03   0.00000000e+00\n",
      "               nan   0.00000000e+00   0.00000000e+00]]\n",
      "segment 5\n",
      "            density  ocean_tmp  salinity   synecho  pico   picoeuk   tot_chl\n",
      "density    1.000000  -0.996383 -0.242089  0.280102   NaN  0.615731  0.660405\n",
      "ocean_tmp -0.996383   1.000000  0.322291 -0.247553   NaN -0.666708 -0.709582\n",
      "salinity  -0.242089   0.322291  1.000000  0.186802   NaN -0.757088 -0.743274\n",
      "synecho    0.280102  -0.247553  0.186802  1.000000   NaN -0.211395 -0.193415\n",
      "pico            NaN        NaN       NaN       NaN   NaN       NaN       NaN\n",
      "picoeuk    0.615731  -0.666708 -0.757088 -0.211395   NaN  1.000000  0.988442\n",
      "tot_chl    0.660405  -0.709582 -0.743274 -0.193415   NaN  0.988442  1.000000\n",
      "[[  0.00000000e+00   0.00000000e+00   8.97000000e-06   2.40000000e-07\n",
      "               nan   0.00000000e+00   0.00000000e+00]\n",
      " [  0.00000000e+00   0.00000000e+00   0.00000000e+00   5.52000000e-06\n",
      "               nan   0.00000000e+00   0.00000000e+00]\n",
      " [  8.97000000e-06   0.00000000e+00   0.00000000e+00   6.60650000e-04\n",
      "               nan   0.00000000e+00   0.00000000e+00]\n",
      " [  2.40000000e-07   5.52000000e-06   6.60650000e-04   0.00000000e+00\n",
      "               nan   1.11770000e-04   4.18310000e-04]\n",
      " [             nan              nan              nan              nan\n",
      "               nan              nan              nan]\n",
      " [  0.00000000e+00   0.00000000e+00   0.00000000e+00   1.11770000e-04\n",
      "               nan   0.00000000e+00   0.00000000e+00]\n",
      " [  0.00000000e+00   0.00000000e+00   0.00000000e+00   4.18310000e-04\n",
      "               nan   0.00000000e+00   0.00000000e+00]]\n",
      "segment 6\n",
      "            density  ocean_tmp  salinity   synecho      pico   picoeuk  \\\n",
      "density    1.000000  -0.887759 -0.023258  0.540236 -0.042343  0.066035   \n",
      "ocean_tmp -0.887759   1.000000  0.480799 -0.428584 -0.134620  0.135464   \n",
      "salinity  -0.023258   0.480799  1.000000  0.093388 -0.377002  0.429304   \n",
      "synecho    0.540236  -0.428584  0.093388  1.000000 -0.351941 -0.226245   \n",
      "pico      -0.042343  -0.134620 -0.377002 -0.351941  1.000000 -0.516072   \n",
      "picoeuk    0.066035   0.135464  0.429304 -0.226245 -0.516072  1.000000   \n",
      "tot_chl    0.705442  -0.600667  0.034837  0.933553 -0.239448 -0.233424   \n",
      "\n",
      "            tot_chl  \n",
      "density    0.705442  \n",
      "ocean_tmp -0.600667  \n",
      "salinity   0.034837  \n",
      "synecho    0.933553  \n",
      "pico      -0.239448  \n",
      "picoeuk   -0.233424  \n",
      "tot_chl    1.000000  \n",
      "[[  0.00000000e+00   0.00000000e+00   7.37565650e-01   0.00000000e+00\n",
      "    5.41717210e-01   3.40959510e-01   0.00000000e+00]\n",
      " [  0.00000000e+00   0.00000000e+00   0.00000000e+00   0.00000000e+00\n",
      "    5.14079600e-02   4.99495400e-02   0.00000000e+00]\n",
      " [  7.37565650e-01   0.00000000e+00   0.00000000e+00   1.77597960e-01\n",
      "    2.00000000e-08   0.00000000e+00   6.15688040e-01]\n",
      " [  0.00000000e+00   0.00000000e+00   1.77597960e-01   0.00000000e+00\n",
      "    1.60000000e-07   9.60150000e-04   0.00000000e+00]\n",
      " [  5.41717210e-01   5.14079600e-02   2.00000000e-08   1.60000000e-07\n",
      "    0.00000000e+00   0.00000000e+00   4.64770000e-04]\n",
      " [  3.40959510e-01   4.99495400e-02   0.00000000e+00   9.60150000e-04\n",
      "    0.00000000e+00   0.00000000e+00   6.50410000e-04]\n",
      " [  0.00000000e+00   0.00000000e+00   6.15688040e-01   0.00000000e+00\n",
      "    4.64770000e-04   6.50410000e-04   0.00000000e+00]]\n",
      "segment 7\n",
      "            density  ocean_tmp  salinity   synecho      pico   picoeuk  \\\n",
      "density    1.000000  -0.927700 -0.558727  0.675656 -0.638983  0.499812   \n",
      "ocean_tmp -0.927700   1.000000  0.827915 -0.846902  0.685732 -0.511042   \n",
      "salinity  -0.558727   0.827915  1.000000 -0.864726  0.563529 -0.385189   \n",
      "synecho    0.675656  -0.846902 -0.864726  1.000000 -0.666596  0.633159   \n",
      "pico      -0.638983   0.685732  0.563529 -0.666596  1.000000 -0.477597   \n",
      "picoeuk    0.499812  -0.511042 -0.385189  0.633159 -0.477597  1.000000   \n",
      "tot_chl   -0.762280   0.660414  0.326404 -0.379961  0.566822 -0.583564   \n",
      "\n",
      "            tot_chl  \n",
      "density   -0.762280  \n",
      "ocean_tmp  0.660414  \n",
      "salinity   0.326404  \n",
      "synecho   -0.379961  \n",
      "pico       0.566822  \n",
      "picoeuk   -0.583564  \n",
      "tot_chl    1.000000  \n",
      "[[ 0.  0.  0.  0.  0.  0.  0.]\n",
      " [ 0.  0.  0.  0.  0.  0.  0.]\n",
      " [ 0.  0.  0.  0.  0.  0.  0.]\n",
      " [ 0.  0.  0.  0.  0.  0.  0.]\n",
      " [ 0.  0.  0.  0.  0.  0.  0.]\n",
      " [ 0.  0.  0.  0.  0.  0.  0.]\n",
      " [ 0.  0.  0.  0.  0.  0.  0.]]\n",
      "segment 8\n",
      "            density  ocean_tmp  salinity   synecho      pico   picoeuk  \\\n",
      "density    1.000000  -0.438756 -0.200563  0.007426 -0.107682  0.283771   \n",
      "ocean_tmp -0.438756   1.000000  0.968255  0.031450  0.095742 -0.251282   \n",
      "salinity  -0.200563   0.968255  1.000000  0.033578  0.072072 -0.202084   \n",
      "synecho    0.007426   0.031450  0.033578  1.000000 -0.642857 -0.031787   \n",
      "pico      -0.107682   0.095742  0.072072 -0.642857  1.000000  0.342099   \n",
      "picoeuk    0.283771  -0.251282 -0.202084 -0.031787  0.342099  1.000000   \n",
      "tot_chl   -0.295266  -0.187215 -0.287009  0.083392  0.313417 -0.146589   \n",
      "\n",
      "            tot_chl  \n",
      "density   -0.295266  \n",
      "ocean_tmp -0.187215  \n",
      "salinity  -0.287009  \n",
      "synecho    0.083392  \n",
      "pico       0.313417  \n",
      "picoeuk   -0.146589  \n",
      "tot_chl    1.000000  \n",
      "[[  0.00000000e+00   0.00000000e+00   2.34980000e-04   8.92770610e-01\n",
      "    4.99528900e-02   1.40000000e-07   4.00000000e-08]\n",
      " [  0.00000000e+00   0.00000000e+00   0.00000000e+00   5.67987580e-01\n",
      "    8.15203000e-02   3.55000000e-06   6.06440000e-04]\n",
      " [  2.34980000e-04   0.00000000e+00   0.00000000e+00   5.42071880e-01\n",
      "    1.90207810e-01   2.10090000e-04   1.00000000e-07]\n",
      " [  8.92770610e-01   5.67987580e-01   5.42071880e-01   0.00000000e+00\n",
      "    0.00000000e+00   5.63833730e-01   1.29421590e-01]\n",
      " [  4.99528900e-02   8.15203000e-02   1.90207810e-01   0.00000000e+00\n",
      "    0.00000000e+00   0.00000000e+00   1.00000000e-08]\n",
      " [  1.40000000e-07   3.55000000e-06   2.10090000e-04   5.63833730e-01\n",
      "    0.00000000e+00   0.00000000e+00   7.46466000e-03]\n",
      " [  4.00000000e-08   6.06440000e-04   1.00000000e-07   1.29421590e-01\n",
      "    1.00000000e-08   7.46466000e-03   0.00000000e+00]]\n",
      "segment 9\n",
      "            density  ocean_tmp  salinity   synecho      pico   picoeuk  \\\n",
      "density    1.000000  -0.545925  0.425345  0.047795  0.108080 -0.353626   \n",
      "ocean_tmp -0.545925   1.000000  0.526056 -0.351339 -0.350344  0.271272   \n",
      "salinity   0.425345   0.526056  1.000000 -0.332428 -0.269179 -0.065803   \n",
      "synecho    0.047795  -0.351339 -0.332428  1.000000  0.495746  0.247185   \n",
      "pico       0.108080  -0.350344 -0.269179  0.495746  1.000000  0.418545   \n",
      "picoeuk   -0.353626   0.271272 -0.065803  0.247185  0.418545  1.000000   \n",
      "tot_chl    0.079563   0.116018  0.205510 -0.041187  0.119540 -0.334072   \n",
      "\n",
      "            tot_chl  \n",
      "density    0.079563  \n",
      "ocean_tmp  0.116018  \n",
      "salinity   0.205510  \n",
      "synecho   -0.041187  \n",
      "pico       0.119540  \n",
      "picoeuk   -0.334072  \n",
      "tot_chl    1.000000  \n",
      "[[  0.00000000e+00   0.00000000e+00   0.00000000e+00   3.45271230e-01\n",
      "    3.24099000e-02   0.00000000e+00   1.15782620e-01]\n",
      " [  0.00000000e+00   0.00000000e+00   0.00000000e+00   0.00000000e+00\n",
      "    0.00000000e+00   5.00000000e-08   2.15926400e-02]\n",
      " [  0.00000000e+00   0.00000000e+00   0.00000000e+00   0.00000000e+00\n",
      "    6.00000000e-08   1.93574250e-01   4.13600000e-05]\n",
      " [  3.45271230e-01   0.00000000e+00   0.00000000e+00   0.00000000e+00\n",
      "    0.00000000e+00   7.20000000e-07   4.16105820e-01]\n",
      " [  3.24099000e-02   0.00000000e+00   6.00000000e-08   0.00000000e+00\n",
      "    0.00000000e+00   0.00000000e+00   1.78981700e-02]\n",
      " [  0.00000000e+00   5.00000000e-08   1.93574250e-01   7.20000000e-07\n",
      "    0.00000000e+00   0.00000000e+00   0.00000000e+00]\n",
      " [  1.15782620e-01   2.15926400e-02   4.13600000e-05   4.16105820e-01\n",
      "    1.78981700e-02   0.00000000e+00   0.00000000e+00]]\n"
     ]
    },
    {
     "name": "stderr",
     "output_type": "stream",
     "text": [
      "/Users/archie/anaconda/lib/python2.7/site-packages/IPython/kernel/__main__.py:14: FutureWarning: icol(i) is deprecated. Please use .iloc[:,i]\n"
     ]
    }
   ],
   "source": [
    "# look at correlations for each segment individually\n",
    "segments = tracks(clean)\n",
    "\n",
    "\n",
    "for k in range(1, len(segments)+1):\n",
    "    a = segments['start'][k]\n",
    "    b = segments['end'][k]\n",
    "        \n",
    "    tmp = data[['density', 'ocean_tmp', 'salinity', 'synecho', 'pico', 'picoeuk', 'tot_chl']][a:b]\n",
    "    \n",
    "    pval = np.zeros([tmp.shape[1],tmp.shape[1]])\n",
    "    for i in range(tmp.shape[1]): # rows are the number of rows in the matrix.\n",
    "        for j in range(tmp.shape[1]):\n",
    "            JonI        = pd.ols(y=tmp.icol(i), x=tmp.icol(j), intercept=True)\n",
    "            pval[i,j]  = np.round(JonI.f_stat['p-value'],8)\n",
    "\n",
    "    \n",
    "    print 'segment', k\n",
    "    print tmp.corr()\n",
    "    print pval\n",
    "    del tmp, pval"
   ]
  },
  {
   "cell_type": "code",
   "execution_count": null,
   "metadata": {
    "collapsed": true
   },
   "outputs": [],
   "source": []
  }
 ],
 "metadata": {
  "kernelspec": {
   "display_name": "Python 2",
   "language": "python",
   "name": "python2"
  },
  "language_info": {
   "codemirror_mode": {
    "name": "ipython",
    "version": 2
   },
   "file_extension": ".py",
   "mimetype": "text/x-python",
   "name": "python",
   "nbconvert_exporter": "python",
   "pygments_lexer": "ipython2",
   "version": "2.7.11"
  }
 },
 "nbformat": 4,
 "nbformat_minor": 0
}
